0.00026544
0.00055773
0.00012757
0.00003904
0.00027257
0.97708786
0.00400589
0.99994981
0.95788085
0.00129864
0.97953236
0.99824411
0.00009730
0.99627227
0.39493495
0.00551084
0.99414843
0.09075012
0.00035525
0.00003460
0.00035388
0.99990720
0.00409285
0.01525240
0.01263454
0.99559963
0.04521120
0.99959028
0.00141693
0.55213737
0.00004334
0.01241530
0.24304180
0.00025438
0.00065344
0.58201039
0.88617074
0.99999321
0.98787224
0.00499647
0.00047278
0.01863343
0.01301583
0.47607610
0.00237231
0.00006702
0.00188115
0.00329727
0.02943260
0.00151324
0.00003273
0.00026194
0.99991333
0.00333341
0.00014720
0.00152453
0.00279437
0.00027149
0.12242514
0.99994314
0.05596230
0.00057513
0.00399197
0.00125430
0.00044183
0.00348464
0.00151123
0.00036919
0.00508171
0.00432757
0.99563098
0.00043197
0.02097298
0.92035550
0.99997455
0.00027149
0.00224988
0.00394232
0.01387347
0.59063315
0.00825785
0.05236866
0.99998009
0.96657383
0.85862869
0.00019849
0.00065982
0.00249947
0.91367114
0.00651877
0.00014063
0.03620777
0.99979180
0.99995840
0.00268376
0.80054462
0.00007823
0.97237557
0.00020540
0.00104033
0.99901611
0.96654832
0.98576045
0.38986310
0.14674035
0.40271091
0.86335385
0.00059281
0.00023039
0.00001066
0.22531937
0.00656990
0.00379032
0.00039954
0.02578516
0.09568892
0.84441942
0.02903192
0.97311527
0.99708456
0.04668713
0.00098964
0.99998593
0.99998593
0.00029045
0.00008051
0.99671125
0.00188815
0.00005371
0.99879003
0.00001248
0.99523050
0.03259849
0.00491940
0.00308731
0.00725359
0.99950123
0.00100915
0.00059049
0.88220674
0.00018127
0.00010789
0.00086560
0.16423573
0.00000640
0.99998474
0.99992520
0.00613514
0.99224287
0.40411493
0.52911246
0.10943568
0.99988157
0.04248395
0.04343685
0.00349656
0.01176065
0.59538370
0.49847579
0.00212048
0.00833371
0.00004869
0.99997699
0.99809533
0.00095296
0.00009218
0.00558627
0.00007891
0.94805402
0.12083180
0.00229793
0.06353001
0.01274180
0.15335789
0.00131529
0.02915020
0.00005581
0.02525320
0.00003970
0.59006345
0.00672211
0.01213334
0.00013184
0.91791016
0.02766264
0.45341805
0.00023577
0.00012238
0.58610219
0.99969679
0.96711069
0.99997193
0.99979311
0.89792120
0.99996614
0.99972314
0.24847358
0.87068182
0.99967158
0.05323321
0.00019898
0.00006207
0.00324637
0.04437611
0.99819255
0.21686247
0.93546379
0.00144647
0.01756635
0.32830104
0.98101377
0.99968141
0.00001319
0.06121579
0.00012692
0.00560597
0.00123210
0.70337135
0.01653401
0.99971986
0.46423882
0.00034254
0.00048764
0.05090304
0.99998885
0.00007082
0.00106573
0.00004383
0.53119850
0.00009008
0.00000862
0.00056462
0.00913624
0.97175366
0.04956595
0.97067559
0.99997902
0.00103782
0.00058172
0.00005551
0.99432695
0.00519129
0.00131187
0.03386239
0.30585954
0.00106376
0.00273949
0.00002465
0.19098553
0.02690465
0.00376450
0.00028220
0.99964839
0.89906371
0.99984813
0.00005203
0.18627223
0.00003532
0.02524753
0.89893109
0.00051110
0.00028761
0.67925489
0.67925489
0.06456318
0.02149224
0.77933097
0.95878571
0.94058704
0.00063559
0.00326053
0.01679880
0.99999171
0.36227602
0.57929319
0.99971414
0.00007167
0.00712041
0.99998331
0.99958861
0.01738405
0.99831504
0.02074839
0.02661262
0.00780259
0.99376178
0.00018033
0.99999869
0.99968594
0.00045750
0.00420978
0.95129174
0.02651163
0.00021446
0.78086346
0.01834905
0.00107827
0.00019721
0.87264198
0.00008368
0.00570142
0.00604161
0.00341563
0.00344343
0.00394965
0.01159847
0.99923503
0.83815426
0.53292018
0.98945177
0.00191463
0.99968088
0.99973112
0.28518939
0.22612298
0.00057401
0.00046451
0.99493676
0.00420337
0.08176575
0.00012960
0.14688507
0.00095825
0.98942322
0.12029409
0.71092594
0.00006605
0.99474913
0.00044056
0.95084482
0.00002725
0.04908413
0.00596442
0.00154240
0.00092424
0.00125331
0.78138894
0.99137849
0.99733013
0.00001136
0.00000741
0.17571549
0.00012983
0.01159883
0.17395711
0.01444580
0.34759793
0.97743124
0.99998295
0.15533145
0.84699076
0.00420978
0.00375292
0.02323721
0.99957609
0.68189907
0.00059333
0.00039702
0.99405324
0.61893147
0.92657298
0.00008066
0.00050836
0.00009227
0.00018762
0.26679537
0.17403439
0.91655135
0.31176093
0.99761558
0.25409752
0.18455686
0.00558150
0.03518897
0.00014756
0.05733192
0.00388752
0.15863276
0.00115905
0.00028598
0.99678200
0.00003507
0.00727303
0.99808919
0.00005001
0.02756646
0.00003464
0.98859465
0.03516293
0.01239939
0.99325264
0.00248972
0.03808884
0.93199754
0.03949845
0.00072217
0.05725489
0.02525320
0.04268300
0.88473737
0.00022426
0.00766016
0.99961150
0.00111582
0.45131129
0.00920516
0.00234281
0.00020154
0.00047305
0.04795282
0.00033273
0.71789479
0.97590989
0.00137111
0.99407858
0.90787375
0.00310209
0.01968897
0.09285159
0.00008992
0.92756838
0.00004028
0.00001084
0.65463960
0.00106183
0.00002061
0.00006021
0.99971914
0.00003526
0.52808791
0.00006374
0.11743645
0.45912787
0.99992007
0.00078662
0.00396746
0.00010830
0.11559573
0.97351986
0.02662535
0.00009353
0.00039724
0.04024794
0.00133145
0.99993479
0.77216202
0.41178778
0.00004328
0.95995373
0.00069667
0.14513725
0.99827695
0.85464436
0.03124371
0.00257718
0.00123915
0.98132724
0.12143600
0.00011752
0.81502169
0.00160886
0.08476855
0.02586404
0.00008704
0.00010678
0.98520470
0.02702878
0.88814878
0.00042029
0.00587164
0.99990141
0.14211759
0.91241652
0.00026536
0.75817430
0.99991846
0.00794159
0.00013321
0.00910032
0.00000280
0.99957407
0.99999964
0.00104047
0.53148061
0.00002346
0.00076711
0.00039857
0.96708059
0.96708059
0.04649157
0.99999130
0.61938506
0.00029430
0.00069807
0.00038727
0.00040952
0.00181274
0.00031980
0.99992573
0.01373725
0.00011755
0.99340731
0.99919909
0.00564242
0.79610795
0.00155548
0.99995255
0.99828094
0.00943202
0.99907458
0.00359923
0.00006097
0.04921444
0.00282730
0.00051868
0.99971861
0.00023442
0.00082276
0.08102383
0.00009597
0.05406667
0.00035043
0.00210958
0.00053107
0.00037830
0.00032271
0.00743844
0.99721235
0.00075366
0.00014445
0.00390007
0.86616606
0.00001712
0.99998832
0.00726143
0.24207790
0.00107743
0.00232511
0.00479232
0.01212435
0.00025487
0.04024794
0.00004311
0.95081741
0.00025199
0.98238152
0.00004316
0.00004455
0.00301424
0.13289855
0.46897882
0.96085674
0.00015251
0.00014321
0.95986259
0.00013510
0.00027149
0.99981505
0.00229538
0.98827964
0.00054811
0.79998320
0.93430686
0.00304770
0.36974990
0.00673680
0.00038651
0.00206420
0.99994737
0.00032382
0.00264101
0.00006126
0.00041948
0.85229844
0.97409391
0.00109722
0.95134664
0.00555769
0.00729677
0.98895055
0.91597486
0.99990225
0.93873674
0.00018076
0.86350644
0.00004438
0.00922562
0.85707080
0.57329106
0.99985802
0.02337498
0.36513633
0.00057724
0.99979597
0.00543910
0.99647707
0.00002987
0.00432276
0.99989551
0.00001828
0.00161981
0.90066808
0.00197967
0.00350227
0.00003007
0.00020239
0.00006395
0.99977362
0.00006482
0.62629360
0.00184661
0.96085674
0.99980611
0.99980050
0.07442167
0.03220205
0.79498106
0.00027190
0.00491503
0.99995476
0.03941511
0.72201037
0.39335790
0.00048254
0.00011853
0.99996150
0.91935706
0.00043201
0.00145757
0.00096574
0.99453276
0.00001716
0.99549985
0.04957021
0.46263808
0.73128355
0.99999833
0.03058560
0.00002794
0.92777628
0.00008818
0.23739603
0.99999839
0.00083815
0.00509935
0.07267401
0.99992192
0.00082046
0.82357627
0.54062063
0.02255586
0.99970943
0.99999821
0.65981287
0.98360968
0.99483168
0.73976797
0.02005906
0.00094991
0.90155727
0.00775381
0.99785244
0.98696798
0.00459133
0.00000804
0.00124815
0.00007270
0.00528455
0.31089148
0.00007144
0.17325389
0.00056688
0.01783087
0.99651074
0.00019940
0.00030999
0.99999475
0.00019085
0.00002046
0.00018479
0.00018479
0.00005386
0.02320680
0.04173348
0.24554279
0.00172757
0.11616398
0.31279057
0.00028860
0.99989969
0.00101698
0.00046613
0.00146903
0.42914653
0.95302725
0.00028759
0.20555685
0.05963841
0.00009877
0.00003973
0.00007513
0.00006813
0.00525991
0.00870136
0.00001680
0.00332886
0.00006303
0.00332886
0.00019912
0.00039051
0.61831307
0.84442878
0.99995190
0.99875510
0.00808525
0.31653762
0.99775225
0.00047785
0.00525583
0.00048447
0.99997872
0.00079445
0.00001004
0.00967445
0.00551084
0.99999493
0.00487580
0.15851720
0.00006421
0.99947345
0.02829866
0.00770907
0.11359335
0.00125203
0.08183383
0.77462745
0.00028451
0.00704255
0.01240808
0.00165122
0.55335063
0.00066172
0.98764950
0.07655048
0.00754606
0.97825336
0.01370414
0.03029759
0.22656298
0.99580622
0.20324676
0.00761677
0.00032664
0.98699880
0.25127536
0.03473064
0.00027034
0.96518195
0.01710017
0.98958731
0.00443729
0.01031402
0.00021208
0.99718320
0.00262316
0.00057332
0.28033364
0.00007243
0.99991310
0.00011524
0.98400903
0.13002425
0.53488040
0.00031260
0.00304062
0.40346330
0.19702731
0.97759080
0.00047834
0.00005345
