0.00470695
0.00675591
0.00009138
0.00116703
0.11555032
0.00000201
0.04884770
0.94876832
0.80971247
0.08066738
0.01728253
0.98906100
0.02086448
0.00003750
0.00538623
0.81244212
0.09499540
0.59449619
0.00047081
0.00018813
0.00090893
0.98916328
0.00868412
0.07782485
0.14448357
0.01110489
0.00018241
0.94747978
0.00170395
0.00443488
0.00026832
0.00573334
0.52483732
0.08965694
0.01466588
0.00349332
0.11550337
0.84210384
0.16246116
0.00000187
0.00260406
0.00017153
0.10397340
0.00209539
0.00005457
0.00198096
0.15434001
0.00067322
0.00593007
0.01732157
0.00000898
0.00319013
0.01842386
0.00046688
0.00525213
0.00053380
0.00532979
0.00031688
0.01425293
0.40199712
0.00209069
0.00000535
0.00289533
0.03263441
0.00000004
0.00015788
0.00021459
0.00001071
0.00340792
0.00062956
0.00245670
0.00014995
0.00994579
0.03290297
0.01551263
0.00031688
0.03244634
0.77397704
0.06625071
0.00891508
0.00000476
0.23586553
0.99287927
0.76279217
0.92769277
0.00055021
0.00034289
0.24737884
0.02042302
0.16435383
0.03171290
0.00216960
0.08297221
0.30851674
0.00004122
0.06255040
0.19490217
0.70622206
0.00006193
0.05246309
0.00385563
0.91112405
0.00115503
0.00047200
0.00346057
0.00675828
0.00624071
0.01341519
0.01903220
0.00032885
0.00141496
0.00012646
0.00634003
0.00067198
0.00023637
0.18190514
0.00721971
0.01104471
0.00582610
0.00274394
0.00086674
0.00039011
0.33138520
0.33138520
0.11347423
0.25117543
0.00500792
0.00532318
0.00000786
0.53731263
0.00026266
0.02241915
0.00618488
0.00962000
0.00811707
0.01661359
0.26006073
0.00411566
0.00858077
0.21983586
0.00157566
0.00638249
0.01326633
0.00097005
0.00000173
0.25374466
0.49147195
0.13780865
0.06861713
0.01205769
0.00957265
0.06743423
0.47781691
0.04876289
0.04517644
0.00026662
0.00005571
0.48121098
0.00261754
0.00367697
0.20478623
0.05138378
0.00930564
0.42325747
0.95134485
0.05847937
0.91237915
0.04095788
0.02453181
0.02754687
0.03658033
0.00057561
0.60649180
0.01362406
0.33602268
0.00779940
0.00028931
0.60313320
0.00715709
0.00090792
0.31473851
0.00349863
0.00551683
0.00966220
0.07213976
0.21083978
0.00299860
0.02280585
0.00304995
0.00615666
0.33742139
0.97333318
0.04045657
0.23575705
0.91661865
0.91309613
0.00000829
0.00000615
0.58384824
0.06594749
0.00480381
0.23765819
0.00631425
0.65099186
0.00063164
0.00239090
0.98536515
0.00012253
0.04823095
0.01393156
0.09464817
0.00024138
0.00000002
0.10635406
0.03526725
0.00236365
0.00022487
0.00496260
0.07133516
0.13941760
0.00109425
0.00716375
0.00108548
0.00245824
0.55337799
0.00688001
0.00042228
0.00144189
0.00478395
0.01595289
0.00303245
0.00002051
0.03077099
0.16693218
0.00004934
0.99534178
0.58846968
0.00025555
0.00357381
0.00108179
0.18662560
0.80863923
0.00014729
0.00012252
0.09553900
0.00005265
0.20102006
0.39964440
0.00006256
0.03091149
0.00877034
0.00001444
0.00395426
0.15602443
0.97592765
0.00221373
0.03056508
0.04246591
0.00028687
0.20851651
0.08049850
0.00431391
0.03649202
0.03649202
0.00858294
0.00600440
0.65717292
0.04824246
0.68692470
0.00002439
0.00044299
0.00001668
0.59030610
0.24813175
0.03544762
0.14458984
0.00060145
0.01836737
0.98867565
0.99890357
0.00034993
0.88963437
0.00164503
0.00002153
0.00227196
0.00169351
0.00127886
0.99999207
0.01062423
0.00000081
0.00214396
0.00114147
0.00599632
0.05402642
0.00021662
0.01901512
0.00000995
0.00124341
0.30294874
0.01038780
0.68305153
0.00040100
0.00487341
0.09489135
0.00012750
0.02357451
0.01234102
0.01334099
0.01571336
0.00939029
0.00002134
0.20172104
0.42757553
0.20681213
0.00162015
0.00150838
0.52716863
0.00296653
0.00017797
0.00171448
0.03976012
0.01439245
0.00106770
0.96421617
0.03613987
0.28588736
0.00018565
0.98561883
0.00309080
0.00096410
0.00157580
0.01927368
0.00048317
0.00038936
0.00077060
0.18207397
0.00242215
0.00494526
0.24678998
0.01053787
0.00323232
0.79348034
0.00435963
0.03330650
0.30268139
0.01095493
0.00257856
0.99913025
0.02081997
0.02030397
0.00747415
0.00214396
0.00156789
0.00025039
0.04340940
0.43947664
0.00511431
0.04483956
0.26205328
0.31287989
0.00201401
0.00017986
0.00090065
0.00045672
0.00113795
0.00005695
0.00002768
0.11370610
0.35801050
0.00623501
0.82679707
0.00366351
0.00416809
0.20979552
0.02599928
0.99482054
0.01039642
0.67954898
0.00269615
0.00030970
0.12147847
0.00000262
0.00549489
0.85085917
0.00460920
0.00240485
0.87097979
0.02575678
0.00052558
0.98392147
0.87364155
0.00130028
0.34114686
0.13923278
0.00423471
0.01890136
0.00193669
0.60313320
0.05000868
0.01702647
0.00271046
0.01400637
0.00430273
0.00089342
0.00001644
0.00071384
0.10653037
0.03252340
0.00121738
0.00072495
0.00262425
0.05732235
0.03494980
0.03864137
0.96233970
0.70938063
0.00310242
0.00105767
0.00019465
0.00717930
0.00162570
0.00080662
0.00010434
0.03393495
0.00127441
0.00000889
0.00000991
0.98524094
0.00499773
0.17830415
0.02758573
0.40394312
0.00197482
0.00760370
0.00001726
0.05742515
0.00001798
0.11195861
0.00002016
0.24453235
0.00002065
0.00000608
0.00071364
0.00893969
0.01183079
0.05351706
0.06932468
0.00008711
0.00097521
0.23370156
0.03587610
0.86865962
0.20735170
0.01567042
0.00121216
0.00001180
0.86680293
0.63992172
0.00306226
0.00204743
0.00005753
0.00486657
0.00001796
0.08305173
0.00053270
0.00061510
0.23204952
0.04076799
0.00310341
0.00025572
0.05323359
0.01902350
0.05633722
0.00000290
0.02527062
0.49609402
0.00081197
0.00452214
0.23819759
0.00760196
0.12657531
0.97234166
0.00099976
0.00558075
0.00000085
0.00009290
0.24400604
0.00988904
0.00988904
0.00002050
0.12969077
0.07240691
0.00004731
0.00034998
0.00958072
0.00345464
0.00004527
0.01193321
0.37777734
0.68725216
0.00111892
0.66504598
0.22164966
0.00339981
0.00034131
0.02322648
0.00273609
0.00975588
0.45027682
0.14532176
0.00112981
0.00074688
0.14066958
0.01015762
0.00001456
0.01704633
0.00003370
0.00018707
0.00135657
0.00207317
0.00030416
0.08199425
0.00042769
0.00130071
0.06049896
0.01765404
0.00063006
0.00035235
0.88512748
0.01023358
0.01260003
0.00160187
0.00248141
0.99870390
0.00596832
0.02538764
0.04852995
0.00127387
0.09813702
0.00003422
0.00153064
0.00071364
0.00162249
0.24769232
0.00038675
0.00282420
0.00004456
0.00151670
0.00032949
0.05837693
0.04694119
0.79423374
0.06815913
0.00000207
0.08358728
0.00011453
0.00031688
0.19782564
0.01833279
0.00661164
0.00000287
0.00010632
0.06521033
0.00001854
0.69544768
0.00000941
0.01100886
0.00335208
0.84184688
0.00986509
0.00100937
0.00887088
0.46739325
0.16634674
0.00597133
0.00080342
0.00135443
0.00008151
0.00129046
0.73716968
0.00001141
0.00134689
0.46530908
0.00096193
0.75146884
0.00067438
0.00278230
0.00702507
0.00117773
0.48782885
0.00192674
0.05092255
0.01094941
0.86022705
0.00010995
0.01700334
0.00110030
0.00063287
0.00022012
0.00017592
0.00374695
0.10443948
0.02134542
0.02272164
0.00550968
0.00049746
0.00011057
0.46958724
0.00167708
0.95610613
0.04095214
0.79423374
0.00028051
0.99058843
0.00024999
0.04104589
0.00716039
0.00028339
0.03140708
0.55019826
0.00140406
0.19667968
0.00099954
0.00019535
0.00757398
0.99801868
0.00011540
0.00455064
0.00286673
0.00275580
0.00023058
0.01199999
0.13846461
0.02169498
0.14170797
0.04601914
0.31078514
0.38062212
0.17748241
0.00019244
0.89669681
0.02675430
0.08212160
0.51756757
0.00074284
0.00516643
0.00266832
0.00000441
0.01644697
0.04682500
0.00083728
0.02726414
0.98225701
0.00329517
0.07510993
0.57938433
0.00061981
0.04620104
0.01088599
0.00287793
0.00029217
0.02150000
0.00111710
0.00510370
0.00053330
0.01111778
0.26549640
0.00018983
0.09233221
0.00012365
0.93979961
0.01462928
0.28331134
0.00518712
0.00192762
0.02040797
0.99821490
0.00007619
0.00164657
0.01973314
0.01973314
0.00241773
0.00152461
0.00006237
0.00077237
0.07912128
0.01457745
0.00590179
0.00299279
0.00590420
0.09273689
0.17632592
0.00480475
0.00627377
0.01973071
0.00283881
0.02007826
0.02022545
0.01523397
0.00048571
0.06022399
0.01377692
0.29309997
0.00072408
0.00006689
0.00429156
0.00000812
0.00429156
0.15843105
0.00033521
0.74486971
0.93067575
0.60696310
0.67663044
0.01117469
0.00534368
0.71015155
0.00984247
0.00000513
0.00008821
0.72229582
0.13519748
0.00005506
0.52989560
0.81244212
0.50024921
0.00366419
0.00000190
0.00000443
0.00050648
0.02506273
0.23788568
0.00008298
0.00005984
0.00107112
0.25977758
0.01203618
0.02323609
0.00017160
0.00863918
0.25315231
0.00080495
0.99183178
0.00167737
0.00302145
0.08537780
0.00055696
0.00353045
0.26710346
0.99265021
0.45735967
0.00077949
0.02625150
0.08522905
0.00416151
0.00105685
0.00033920
0.00347689
0.00016378
0.78868681
0.00356573
0.00108690
0.00507750
0.00009870
0.00278939
0.00005949
0.00028611
0.00037314
0.99327898
0.00016779
0.01205655
0.00130018
0.01395625
0.00307180
0.00072944
0.43857443
0.00217226
0.00105417
0.00034205
0.00000049
